       2901.81   1.03660e-15
       2904.55  -1.13110e-15
       2907.30   5.42340e-16
       2910.04   1.19430e-15
       2912.79   1.81650e-15
       2915.53   1.29530e-16
       2918.28   5.65960e-16
       2921.02   2.75430e-16
       2923.77  -7.64140e-17
       2926.51   6.83670e-17
       2929.26   8.54140e-16
       2932.00   9.44720e-16
       2934.75   6.06560e-16
       2937.50   2.40240e-16
       2940.24   5.83350e-16
       2942.99   5.31170e-16
       2945.73   3.49400e-16
       2948.48   5.31640e-16
       2951.22   4.07710e-16
       2953.97   7.55280e-16
       2956.71   4.07690e-16
       2959.46   4.97280e-16
       2962.20   5.66100e-16
       2964.95   5.74160e-16
       2967.70   2.62410e-16
       2970.44   4.18390e-16
       2973.19   4.24570e-16
       2975.93   5.67200e-16
       2978.68   4.75650e-16
       2981.42   4.32290e-16
       2984.17   4.28360e-16
       2986.92   5.72230e-16
       2989.66   5.50620e-16
       2992.41   3.10730e-16
       2995.15   4.59270e-16
       2997.90   5.86890e-16
       3000.64   3.70850e-16
       3003.39   6.18280e-16
       3006.14   4.06360e-16
       3008.88   4.24170e-16
       3011.63   5.00290e-16
       3014.37   4.75500e-16
       3017.12   4.32030e-16
       3019.87   4.34920e-16
       3022.61   5.20680e-16
       3025.36   5.11740e-16
       3028.10   5.85110e-16
       3030.85   4.37120e-16
       3033.60   6.46980e-16
       3036.34   5.56350e-16
       3039.09   5.09910e-16
       3041.83   5.22210e-16
       3044.58   3.83530e-16
       3047.33   5.51130e-16
       3050.07   5.60240e-16
       3052.82   5.85770e-16
       3055.56   3.91950e-16
       3058.31   4.24140e-16
       3061.06   3.92500e-16
       3063.80   4.62320e-16
       3066.55   4.43370e-16
       3069.30   3.83260e-16
       3072.04   6.28220e-16
       3074.79   5.35100e-16
       3077.54   4.64100e-16
       3080.28   4.53720e-16
       3083.03   4.85120e-16
       3085.77   4.22500e-16
       3088.52   5.16340e-16
       3091.27   4.42360e-16
       3094.01   4.33820e-16
       3096.76   3.65470e-16
       3099.51   5.03090e-16
       3102.25   3.74980e-16
       3105.00   5.60950e-16
       3107.75   6.08500e-16
       3110.49   5.85200e-16
       3113.24   6.64410e-16
       3115.99   4.55110e-16
       3118.73   5.08470e-16
       3121.48   5.37440e-16
       3124.23   5.04610e-16
       3126.97   4.45770e-16
       3129.72   4.68680e-16
       3132.47   4.41190e-16
       3135.21   4.01490e-16
       3137.96   1.58120e-16
       3140.71   3.51640e-16
       3143.45   3.70650e-16
       3146.20   4.72230e-16
       3148.95   5.61510e-16
       3151.69   5.16980e-16
       3154.44   4.66850e-16
       3157.19   4.26220e-16
       3159.93   4.28140e-16
       3162.68   4.70800e-16
       3165.43   6.23640e-16
       3168.18   5.89630e-16
       3170.92   5.60150e-16
       3173.67   6.13330e-16
       3176.42   6.34060e-16
       3179.16   4.62970e-16
       3181.91   5.51790e-16
       3184.66   4.56420e-16
       3187.40   5.87350e-16
       3190.15   4.98950e-16
       3192.90   5.09210e-16
       3195.65   4.77920e-16
       3198.39   6.09250e-16
       3201.14   5.73460e-16
       3203.89   6.01750e-16
       3206.63   5.53640e-16
       3209.38   5.62050e-16
       3212.13   4.91420e-16
       3214.88   4.49010e-16
       3217.62   5.38530e-16
       3220.37   5.81700e-16
       3223.12   6.24440e-16
       3225.86   4.99300e-16
       3228.61   4.71380e-16
       3231.36   5.58970e-16
       3234.11   5.52380e-16
       3236.85   5.15780e-16
       3239.60   5.25770e-16
       3242.35   5.12390e-16
       3245.10   5.23540e-16
       3247.84   5.61500e-16
       3250.59   6.59970e-16
       3253.34   5.38690e-16
       3256.08   7.03710e-16
       3258.83   6.35080e-16
       3261.58   5.82330e-16
       3264.33   6.96920e-16
       3267.07   6.35580e-16
       3269.82   7.28530e-16
       3272.57   6.41310e-16
       3275.32   5.97040e-16
       3278.06   6.63300e-16
       3280.81   5.70600e-16
       3283.56   5.91820e-16
       3286.31   6.51030e-16
       3289.06   5.89000e-16
       3291.80   6.92260e-16
       3294.55   6.70120e-16
       3297.30   5.68430e-16
       3300.05   7.44570e-16
       3302.79   6.70430e-16
       3305.54   6.82180e-16
       3308.29   7.04770e-16
       3311.04   6.33360e-16
       3313.78   6.96440e-16
       3316.53   6.37040e-16
       3319.28   6.40210e-16
       3322.03   5.85410e-16
       3324.77   6.42830e-16
       3327.52   5.59120e-16
       3330.27   6.50750e-16
       3333.02   5.36760e-16
       3335.77   5.58220e-16
       3338.51   6.31880e-16
       3341.26   5.91540e-16
       3344.01   6.29280e-16
       3346.76   5.83880e-16
       3349.51   6.23030e-16
       3352.25   6.47960e-16
       3355.00   6.96800e-16
       3357.75   6.12480e-16
       3360.50   5.37890e-16
       3363.24   5.67120e-16
       3365.99   7.00300e-16
       3368.74   5.80670e-16
       3371.49   5.77870e-16
       3374.24   6.22020e-16
       3376.98   6.90410e-16
       3379.73   6.04940e-16
       3382.48   5.60480e-16
       3385.23   6.25300e-16
       3387.98   6.68930e-16
       3390.72   5.70330e-16
       3393.47   6.14150e-16
       3396.22   6.50820e-16
       3398.97   6.20140e-16
       3401.72   7.15450e-16
       3404.46   6.27600e-16
       3407.21   5.87520e-16
       3409.96   6.21520e-16
       3412.71   5.91770e-16
       3415.46   5.99150e-16
       3418.21   6.61020e-16
       3420.95   6.95390e-16
       3423.70   6.79580e-16
       3426.45   6.81400e-16
       3429.20   6.91280e-16
       3431.95   6.85960e-16
       3434.69   7.16240e-16
       3437.44   6.55630e-16
       3440.19   5.56270e-16
       3442.94   5.99160e-16
       3445.69   6.00660e-16
       3448.44   6.41620e-16
       3451.18   6.39500e-16
       3453.93   6.75820e-16
       3456.68   6.65540e-16
       3459.43   6.54390e-16
       3462.18   6.36330e-16
       3464.93   6.33310e-16
       3467.67   6.84140e-16
       3470.42   6.59150e-16
       3473.17   6.11930e-16
       3475.92   5.54720e-16
       3478.67   5.66850e-16
       3481.42   6.64640e-16
       3484.16   6.87830e-16
       3486.91   6.73390e-16
       3489.66   6.30510e-16
       3492.41   6.10460e-16
       3495.16   6.21700e-16
       3497.91   6.30570e-16
       3500.65   6.31730e-16
       3503.40   6.54570e-16
       3506.15   6.92930e-16
       3508.90   6.83240e-16
       3511.65   7.03100e-16
       3514.40   6.43460e-16
       3517.15   6.52320e-16
       3519.89   6.72060e-16
       3522.64   6.08360e-16
       3525.39   5.98190e-16
       3528.14   6.32580e-16
       3530.89   6.88730e-16
       3533.64   7.06800e-16
       3536.38   6.93280e-16
       3539.13   6.51120e-16
       3541.88   6.76500e-16
       3544.63   7.45790e-16
       3547.38   7.27570e-16
       3550.13   7.83540e-16
       3552.88   7.67110e-16
       3555.62   7.15770e-16
       3558.37   6.68090e-16
       3561.12   7.38250e-16
       3563.87   7.38690e-16
       3566.62   6.13270e-16
       3569.37   5.89990e-16
       3572.12   5.52540e-16
       3574.86   6.62810e-16
       3577.61   6.83660e-16
       3580.36   6.30600e-16
       3583.11   6.18770e-16
       3585.86   5.62500e-16
       3588.61   5.09900e-16
       3591.36   6.17650e-16
       3594.11   7.17470e-16
       3596.85   6.56640e-16
       3599.60   7.30330e-16
       3602.35   6.82660e-16
       3605.10   6.48910e-16
       3607.85   6.56930e-16
       3610.60   6.10680e-16
       3613.35   6.49710e-16
       3616.10   6.53360e-16
       3618.84   6.46950e-16
       3621.59   6.18130e-16
       3624.34   6.39670e-16
       3627.09   6.90290e-16
       3629.84   6.52730e-16
       3632.59   6.77140e-16
       3635.34   5.90270e-16
       3638.09   6.30280e-16
       3640.83   7.40800e-16
       3643.58   6.19230e-16
       3646.33   6.51310e-16
       3649.08   6.45060e-16
       3651.83   6.54450e-16
       3654.58   6.53070e-16
       3657.33   7.35800e-16
       3660.08   7.28080e-16
       3662.82   6.78280e-16
       3665.57   7.05600e-16
       3668.32   7.31870e-16
       3671.07   7.50180e-16
       3673.82   7.35580e-16
       3676.57   7.13810e-16
       3679.32   7.05720e-16
       3682.07   7.12350e-16
       3684.81   7.18320e-16
       3687.56   7.33720e-16
       3690.31   7.05790e-16
       3693.06   7.19860e-16
       3695.81   7.44440e-16
       3698.56   8.42350e-16
       3701.31   7.66690e-16
       3704.06   7.26070e-16
       3706.81   6.43580e-16
       3709.55   6.86830e-16
       3712.30   7.12420e-16
       3715.05   7.19020e-16
       3717.80   7.36730e-16
       3720.55   7.14280e-16
       3723.30   6.33900e-16
       3726.05   7.27180e-16
       3728.80   7.27410e-16
       3731.55   7.51180e-16
       3734.29   6.44570e-16
       3737.04   5.66510e-16
       3739.79   6.87260e-16
       3742.54   7.51360e-16
       3745.29   6.53460e-16
       3748.04   5.85820e-16
       3750.79   5.85410e-16
       3753.54   7.25940e-16
       3756.29   8.13600e-16
       3759.04   7.29870e-16
       3761.78   6.81340e-16
       3764.53   7.96640e-16
       3767.28   7.68290e-16
       3770.03   7.13240e-16
       3772.78   7.39690e-16
       3775.53   8.30580e-16
       3778.28   8.92150e-16
       3781.03   9.16680e-16
       3783.78   9.14460e-16
       3786.52   8.79670e-16
       3789.27   7.75230e-16
       3792.02   8.18180e-16
       3794.77   7.97590e-16
       3797.52   6.43630e-16
       3800.27   7.77250e-16
       3803.02   8.80720e-16
       3805.77   8.99050e-16
       3808.52   9.33520e-16
       3811.27   8.86010e-16
       3814.01   8.64850e-16
       3816.76   7.70350e-16
       3819.51   8.18540e-16
       3822.26   7.69430e-16
       3825.01   7.17550e-16
       3827.76   7.00990e-16
       3830.51   6.34140e-16
       3833.26   5.62920e-16
       3836.01   5.32310e-16
       3838.76   5.25440e-16
       3841.50   6.60610e-16
       3844.25   8.03280e-16
       3847.00   8.47330e-16
       3849.75   8.21680e-16
       3852.50   8.53920e-16
       3855.25   8.87010e-16
       3858.00   8.66470e-16
       3860.75   8.57890e-16
       3863.50   8.82630e-16
       3866.24   8.83650e-16
       3868.99   9.34620e-16
       3871.74   8.78380e-16
       3874.49   8.46270e-16
       3877.24   8.24760e-16
       3879.99   8.39890e-16
       3882.74   7.99500e-16
       3885.49   7.77330e-16
       3888.24   6.93170e-16
       3890.99   6.09370e-16
       3893.73   7.46840e-16
       3896.48   8.29010e-16
       3899.23   8.14260e-16
       3901.98   8.20310e-16
       3904.73   8.27070e-16
       3907.48   8.05350e-16
       3910.23   8.47490e-16
       3912.98   9.10510e-16
       3915.73   8.45030e-16
       3918.48   8.42450e-16
       3921.22   7.57290e-16
       3923.97   8.09450e-16
       3926.72   7.75470e-16
       3929.47   5.73350e-16
       3932.22   4.04490e-16
       3934.97   2.84000e-16
       3937.72   3.98810e-16
       3940.47   6.07440e-16
       3943.22   7.20680e-16
       3945.97   7.76640e-16
       3948.71   8.40450e-16
       3951.46   8.39240e-16
       3954.21   8.09630e-16
       3956.96   8.60920e-16
       3959.71   8.20750e-16
       3962.46   7.57940e-16
       3965.21   6.21640e-16
       3967.96   4.07750e-16
       3970.71   4.13310e-16
       3973.45   5.39480e-16
       3976.20   7.07170e-16
       3978.95   8.95840e-16
       3981.70   8.93990e-16
       3984.45   9.53020e-16
       3987.20   8.73130e-16
       3989.95   1.03150e-15
       3992.70   9.12470e-16
       3995.45   9.50760e-16
       3998.19   1.02780e-15
       4000.94   1.00840e-15
       4003.69   1.00100e-15
       4006.44   9.34370e-16
       4009.19   9.97940e-16
       4011.94   9.86980e-16
       4014.69   1.03830e-15
       4017.44   1.02080e-15
       4020.19   1.01280e-15
       4022.93   1.07510e-15
       4025.68   1.02280e-15
       4028.43   1.02020e-15
       4031.18   9.60880e-16
       4033.93   9.37770e-16
       4036.68   1.01170e-15
       4039.43   1.00520e-15
       4042.18   1.05280e-15
       4044.93   9.75010e-16
       4047.67   9.65290e-16
       4050.42   1.04200e-15
       4053.17   9.46690e-16
       4055.92   1.00590e-15
       4058.67   9.85690e-16
       4061.42   1.03800e-15
       4064.17   9.78220e-16
       4066.92   9.40150e-16
       4069.66   9.94110e-16
       4072.41   1.00360e-15
       4075.16   1.01210e-15
       4077.91   9.64240e-16
       4080.66   9.52480e-16
       4083.41   1.00280e-15
       4086.16   1.00770e-15
       4088.91   1.04410e-15
       4091.66   1.01610e-15
       4094.40   1.03200e-15
       4097.15   9.30890e-16
       4099.90   8.81380e-16
       4102.65   7.49040e-16
       4105.40   8.47530e-16
       4108.15   9.40820e-16
       4110.90   9.88000e-16
       4113.65   9.66460e-16
       4116.39   1.01950e-15
       4119.14   1.05020e-15
       4121.89   1.04320e-15
       4124.64   1.01600e-15
       4127.39   1.03110e-15
       4130.14   1.02280e-15
       4132.89   1.01600e-15
       4135.63   1.03270e-15
       4138.38   1.00570e-15
       4141.13   1.08060e-15
       4143.88   1.04670e-15
       4146.63   1.01560e-15
       4149.38   1.04730e-15
       4152.13   1.05630e-15
       4154.87   1.02550e-15
       4157.62   1.02230e-15
       4160.37   1.01400e-15
       4163.12   1.05930e-15
       4165.87   1.03200e-15
       4168.62   1.01800e-15
       4171.37   1.01950e-15
       4174.11   9.28970e-16
       4176.86   9.78080e-16
       4179.61   1.04400e-15
       4182.36   1.00010e-15
       4185.11   1.05280e-15
       4187.86   1.00550e-15
       4190.61   1.00490e-15
       4193.35   1.05990e-15
       4196.10   1.07760e-15
       4198.85   1.00980e-15
       4201.60   1.02230e-15
       4204.35   9.95990e-16
       4207.10   1.00980e-15
       4209.85   1.03560e-15
       4212.59   1.00150e-15
       4215.34   1.03680e-15
       4218.09   1.01140e-15
       4220.84   1.07330e-15
       4223.59   9.79250e-16
       4226.34   9.31490e-16
       4229.08   9.23710e-16
       4231.83   1.03150e-15
       4234.58   9.90770e-16
       4237.33   9.83940e-16
       4240.08   1.00170e-15
       4242.83   1.05630e-15
       4245.57   1.01690e-15
       4248.32   9.72860e-16
       4251.07   9.45240e-16
       4253.82   9.63760e-16
       4256.57   9.72320e-16
       4259.32   1.00970e-15
       4262.06   9.50760e-16
       4264.81   9.59560e-16
       4267.56   1.02440e-15
       4270.31   9.62560e-16
       4273.06   8.97450e-16
       4275.81   9.22050e-16
       4278.55   9.84680e-16
       4281.30   1.01570e-15
       4284.05   9.70070e-16
       4286.80   9.42820e-16
       4289.55   8.84280e-16
       4292.30   9.12710e-16
       4295.04   9.14930e-16
       4297.79   8.72000e-16
       4300.54   7.82420e-16
       4303.29   7.92110e-16
       4306.04   7.94450e-16
       4308.78   7.87240e-16
       4311.53   7.90280e-16
       4314.28   8.08510e-16
       4317.03   9.31940e-16
       4319.78   1.02590e-15
       4322.52   1.06620e-15
       4325.27   9.03210e-16
       4328.02   9.64670e-16
       4330.77   9.37690e-16
       4333.52   9.94720e-16
       4336.26   9.53770e-16
       4339.01   8.67470e-16
       4341.76   7.10040e-16
       4344.51   8.62810e-16
       4347.26   8.94370e-16
       4350.00   9.44480e-16
       4352.75   9.88270e-16
       4355.50   9.98280e-16
       4358.25   1.01020e-15
       4361.00   1.02740e-15
       4363.74   1.01340e-15
       4366.49   1.02030e-15
       4369.24   9.77950e-16
       4371.99   9.88950e-16
       4374.74   1.00070e-15
       4377.48   9.81260e-16
       4380.23   1.00170e-15
       4382.98   1.00860e-15
       4385.73   9.26700e-16
       4388.48   9.37940e-16
       4391.22   1.03570e-15
       4393.97   1.01480e-15
       4396.72   9.93580e-16
       4399.47   9.79520e-16
       4402.21   9.74200e-16
       4404.96   9.91520e-16
       4407.71   1.01760e-15
       4410.46   1.04530e-15
       4413.20   1.03330e-15
       4415.95   1.03110e-15
       4418.70   1.04510e-15
       4421.45   1.08260e-15
       4424.20   1.06560e-15
       4426.94   1.01540e-15
       4429.69   1.05010e-15
       4432.44   1.03390e-15
       4435.19   1.01640e-15
       4437.93   1.04150e-15
       4440.68   1.03450e-15
       4443.43   1.04680e-15
       4446.18   1.03870e-15
       4448.92   1.03120e-15
       4451.67   1.03710e-15
       4454.42   9.80730e-16
       4457.17   1.04300e-15
       4459.91   1.01140e-15
       4462.66   1.04790e-15
       4465.41   1.05570e-15
       4468.16   1.01790e-15
       4470.90   1.00610e-15
       4473.65   1.04330e-15
       4476.40   1.08650e-15
       4479.15   1.08810e-15
       4481.89   1.03850e-15
       4484.64   1.07800e-15
       4487.39   1.08880e-15
       4490.13   1.04130e-15
       4492.88   1.10110e-15
       4495.63   1.02910e-15
       4498.38   1.08280e-15
       4501.12   1.02400e-15
       4503.87   1.06370e-15
       4506.62   1.07960e-15
       4509.36   1.08530e-15
       4512.11   1.10730e-15
       4514.86   1.06400e-15
       4517.61   1.07660e-15
       4520.35   1.05370e-15
       4523.10   1.08330e-15
       4525.85   1.06090e-15
       4528.59   1.00610e-15
       4531.34   1.03610e-15
       4534.09   1.04240e-15
       4536.84   1.01510e-15
       4539.58   1.07660e-15
       4542.33   1.06850e-15
       4545.08   1.07650e-15
       4547.82   1.03750e-15
       4550.57   1.02760e-15
       4553.32   1.02160e-15
       4556.06   1.02860e-15
       4558.81   1.07190e-15
       4561.56   1.05410e-15
       4564.31   1.03640e-15
       4567.05   1.06410e-15
       4569.80   1.04660e-15
       4572.55   1.07620e-15
       4575.29   1.06230e-15
       4578.04   1.08290e-15
       4580.79   1.09630e-15
       4583.53   1.05770e-15
       4586.28   1.05700e-15
       4589.03   1.05630e-15
       4591.77   1.02530e-15
       4594.52   1.00770e-15
       4597.27   1.06560e-15
       4600.01   1.06160e-15
       4602.76   1.07350e-15
       4605.51   1.02390e-15
       4608.25   1.07700e-15
       4611.00   1.05850e-15
       4613.75   1.07470e-15
       4616.49   1.05930e-15
       4619.24   1.10890e-15
       4621.99   1.04110e-15
       4624.73   1.05720e-15
       4627.48   1.10450e-15
       4630.23   1.04120e-15
       4632.97   1.08830e-15
       4635.72   1.08110e-15
       4638.46   1.05810e-15
       4641.21   1.11880e-15
       4643.96   9.94090e-16
       4646.70   1.06460e-15
       4649.45   1.00630e-15
       4652.20   9.90260e-16
       4654.94   1.05080e-15
       4657.69   1.08630e-15
       4660.44   1.07090e-15
       4663.18   1.07500e-15
       4665.93   1.09550e-15
       4668.67   1.03700e-15
       4671.42   9.94040e-16
       4674.17   1.09320e-15
       4676.91   1.07130e-15
       4679.66   1.06320e-15
       4682.40   1.05990e-15
       4685.15   1.02370e-15
       4687.90   1.06530e-15
       4690.64   1.04050e-15
       4693.39   1.01070e-15
       4696.13   1.05150e-15
       4698.88   1.04710e-15
       4701.63   1.05270e-15
       4704.37   1.05240e-15
       4707.12   1.02380e-15
       4709.86   1.03890e-15
       4712.61   1.05060e-15
       4715.36   1.04610e-15
       4718.10   1.00530e-15
       4720.85   1.04580e-15
       4723.59   1.03150e-15
       4726.34   1.01430e-15
       4729.09   1.04300e-15
       4731.83   1.02400e-15
       4734.58   1.05840e-15
       4737.32   1.05720e-15
       4740.07   1.05240e-15
       4742.81   1.10760e-15
       4745.56   1.04210e-15
       4748.31   1.07890e-15
       4751.05   1.10160e-15
       4753.80   1.05240e-15
       4756.54   1.05770e-15
       4759.29   9.85000e-16
       4762.03   9.87080e-16
       4764.78   1.02080e-15
       4767.52   1.01640e-15
       4770.27   1.07460e-15
       4773.01   1.07320e-15
       4775.76   1.04470e-15
       4778.51   1.04450e-15
       4781.25   1.06090e-15
       4784.00   1.07350e-15
       4786.74   1.08710e-15
       4789.49   1.01290e-15
       4792.23   1.01990e-15
       4794.98   1.05370e-15
       4797.72   1.05810e-15
       4800.47   1.03600e-15
       4803.21   1.05850e-15
       4805.96   1.04670e-15
       4808.70   1.05050e-15
       4811.45   1.01350e-15
       4814.19   1.05290e-15
       4816.94   1.07940e-15
       4819.68   1.08640e-15
       4822.43   1.04330e-15
       4825.17   1.05320e-15
       4827.92   1.02280e-15
       4830.66   1.05260e-15
       4833.41   1.03550e-15
       4836.15   1.05840e-15
       4838.90   1.04310e-15
       4841.64   1.05440e-15
       4844.39   9.98220e-16
       4847.13   9.88670e-16
       4849.88   1.00010e-15
       4852.62   9.91200e-16
       4855.37   9.76180e-16
       4858.11   8.87090e-16
       4860.86   7.85380e-16
       4863.60   7.79240e-16
       4866.35   8.58870e-16
       4869.09   9.06120e-16
       4871.84   9.41930e-16
       4874.58   9.66120e-16
       4877.33   1.02460e-15
       4880.07   9.89200e-16
       4882.81   1.00410e-15
       4885.56   9.69460e-16
       4888.30   9.75270e-16
       4891.05   9.80620e-16
       4893.79   1.01610e-15
       4896.54   1.03600e-15
       4899.28   1.01710e-15
       4902.03   1.03000e-15
       4904.77   1.03410e-15
       4907.51   1.00080e-15
       4910.26   1.01860e-15
       4913.00   1.04420e-15
       4915.75   1.01000e-15
       4918.49   9.69250e-16
       4921.24   1.00350e-15
       4923.98   1.13740e-15
       4926.72   1.08530e-15
       4929.47   1.02000e-15
       4932.21   1.04700e-15
       4934.96   1.01720e-15
       4937.70   1.00450e-15
       4940.44   1.02860e-15
       4943.19   1.02850e-15
       4945.93   1.02040e-15
       4948.68   1.01850e-15
       4951.42   1.04090e-15
       4954.16   1.01490e-15
       4956.91   1.00350e-15
       4959.65   9.73170e-16
       4962.40   9.95410e-16
       4965.14   9.93170e-16
       4967.88   1.05510e-15
       4970.63   1.03420e-15
       4973.37   1.01720e-15
       4976.11   1.02860e-15
       4978.86   1.04480e-15
       4981.60   1.02040e-15
       4984.34   9.84990e-16
       4987.09   9.36870e-16
       4989.83   1.01680e-15
       4992.58   9.95490e-16
       4995.32   1.00710e-15
       4998.06   9.54980e-16
       5000.81   1.01210e-15
       5003.55   1.01060e-15
       5006.29   1.00310e-15
       5009.04   9.68170e-16
       5011.78   1.00570e-15
       5014.52   9.54600e-16
       5017.27   1.00570e-15
       5020.01   9.89740e-16
       5022.75   1.02710e-15
       5025.50   9.99600e-16
       5028.24   9.89850e-16
       5030.98   1.02860e-15
       5033.73   1.02340e-15
       5036.47   1.00680e-15
       5039.21   1.03170e-15
       5041.95   9.47560e-16
       5044.70   9.67830e-16
       5047.44   9.85300e-16
       5050.18   9.94230e-16
       5052.93   9.97640e-16
       5055.67   1.01250e-15
       5058.41   1.04300e-15
       5061.15   1.03950e-15
       5063.90   1.02490e-15
       5066.64   9.88880e-16
       5069.38   9.70190e-16
       5072.13   1.01780e-15
       5074.87   1.01550e-15
       5077.61   9.73020e-16
       5080.35   1.01720e-15
       5083.10   9.92090e-16
       5085.84   1.00290e-15
       5088.58   9.83770e-16
       5091.32   1.02810e-15
       5094.07   1.01990e-15
       5096.81   1.03910e-15
       5099.55   9.64250e-16
       5102.29   9.59720e-16
       5105.04   9.90740e-16
       5107.78   1.00920e-15
       5110.52   1.01240e-15
       5113.26   9.66400e-16
       5116.01   9.91790e-16
       5118.75   9.79840e-16
       5121.49   9.99980e-16
       5124.23   1.00310e-15
       5126.97   9.92930e-16
       5129.72   9.23400e-16
       5132.46   9.54420e-16
       5135.20   9.51680e-16
       5137.94   9.43560e-16
       5140.69   9.77910e-16
       5143.43   9.49760e-16
       5146.17   9.64600e-16
       5148.91   1.00270e-15
       5151.65   9.78770e-16
       5154.39   9.07470e-16
       5157.14   9.90150e-16
       5159.88   1.01050e-15
       5162.62   9.90140e-16
       5165.36   9.90960e-16
       5168.10   8.63630e-16
       5170.85   8.35570e-16
       5173.59   8.41500e-16
       5176.33   8.54900e-16
       5179.07   9.37280e-16
       5181.81   9.43860e-16
       5184.55   8.78020e-16
       5187.29   8.95670e-16
       5190.04   8.97720e-16
       5192.78   9.22640e-16
       5195.52   9.31520e-16
       5198.26   9.80890e-16
       5201.00   9.47060e-16
       5203.74   9.39920e-16
       5206.48   9.73310e-16
       5209.23   9.27710e-16
       5211.97   9.75580e-16
       5214.71   9.52470e-16
       5217.45   9.59400e-16
       5220.19   9.75420e-16
       5222.93   9.71310e-16
       5225.67   1.02020e-15
       5228.41   9.36770e-16
       5231.15   1.01820e-15
       5233.90   9.51910e-16
       5236.64   9.42990e-16
       5239.38   1.00500e-15
       5242.12   9.83400e-16
       5244.86   9.80960e-16
       5247.60   9.52280e-16
       5250.34   9.21100e-16
       5253.08   9.81180e-16
       5255.82   9.67260e-16
       5258.56   9.72450e-16
       5261.30   1.01510e-15
       5264.04   9.30390e-16
       5266.78   9.22220e-16
       5269.52   9.30400e-16
       5272.27   9.08590e-16
       5275.01   9.33850e-16
       5277.75   9.66930e-16
       5280.49   9.33480e-16
       5283.23   9.60020e-16
       5285.97   9.49370e-16
       5288.71   1.01060e-15
       5291.45   9.41000e-16
       5294.19   9.44120e-16
       5296.93   9.74820e-16
       5299.67   9.25150e-16
       5302.41   9.63170e-16
       5305.15   9.70910e-16
       5307.89   9.61190e-16
       5310.63   1.01180e-15
       5313.37   9.73850e-16
       5316.11   9.50710e-16
       5318.85   9.79520e-16
       5321.59   9.50180e-16
       5324.33   9.25450e-16
       5327.07   9.59560e-16
       5329.81   9.09280e-16
       5332.55   9.36480e-16
       5335.29   9.38860e-16
       5338.03   9.22570e-16
       5340.77   9.30910e-16
       5343.51   9.57440e-16
       5346.25   9.42310e-16
       5348.99   9.53000e-16
       5351.73   8.95760e-16
       5354.46   9.45200e-16
       5357.20   9.37180e-16
       5359.94   9.70050e-16
       5362.68   9.71990e-16
       5365.42   9.26460e-16
       5368.16   9.46610e-16
       5370.90   9.29380e-16
       5373.64   8.84610e-16
       5376.38   9.84440e-16
       5379.12   9.65810e-16
       5381.86   9.23760e-16
       5384.60   9.38810e-16
       5387.34   9.32960e-16
       5390.08   9.02900e-16
       5392.81   9.43310e-16
       5395.55   9.40910e-16
       5398.29   9.43720e-16
       5401.03   9.56350e-16
       5403.77   9.36090e-16
       5406.51   9.44280e-16
       5409.25   9.14040e-16
       5411.99   9.41340e-16
       5414.73   9.11450e-16
       5417.46   9.09400e-16
       5420.20   8.99200e-16
       5422.94   9.58380e-16
       5425.68   9.28900e-16
       5428.42   9.75090e-16
       5431.16   9.13550e-16
       5433.90   9.04120e-16
       5436.63   9.10830e-16
       5439.37   9.77310e-16
       5442.11   9.71660e-16
       5444.85   9.36050e-16
       5447.59   9.45110e-16
       5454.52   9.62860e-16
       5459.40   9.43280e-16
       5464.27   9.49820e-16
       5469.14   9.18370e-16
       5474.01   9.58810e-16
       5478.88   9.62150e-16
       5483.75   9.14410e-16
       5488.62   9.48100e-16
       5493.50   9.67160e-16
       5498.37   9.34590e-16
       5503.24   9.52070e-16
       5508.11   9.32610e-16
       5512.98   9.38450e-16
       5517.86   9.65630e-16
       5522.73   9.96820e-16
       5527.60   9.25830e-16
       5532.47   9.28570e-16
       5537.34   9.23500e-16
       5542.22   9.44260e-16
       5547.09   9.86320e-16
       5551.96   9.33990e-16
       5556.83   9.54860e-16
       5561.71   8.97500e-16
       5566.58   8.90110e-16
       5571.45   9.21690e-16
       5576.32   9.10440e-16
       5581.20   9.42210e-16
       5586.07   9.43790e-16
       5590.94   9.01380e-16
       5595.81   8.85640e-16
       5600.69   9.11140e-16
       5605.56   8.72110e-16
       5610.43   9.03620e-16
       5615.31   9.44850e-16
       5620.18   9.03380e-16
       5625.05   9.35020e-16
       5629.93   9.11050e-16
       5634.80   8.92020e-16
       5639.67   9.17270e-16
       5644.54   9.09820e-16
       5649.42   8.99640e-16
       5654.29   8.69830e-16
       5659.17   9.10840e-16
       5664.04   9.34000e-16
       5668.91   9.11380e-16
       5673.79   9.02060e-16
       5678.66   9.37090e-16
       5683.53   9.07870e-16
       5688.41   9.04550e-16
       5693.28   9.28500e-16
       5698.15   8.97910e-16
       5703.03   8.94730e-16
       5707.90   8.99970e-16
       5712.78   8.42890e-16
       5717.65   8.86610e-16
       5722.52   8.97350e-16
       5727.40   9.03080e-16
       5732.27   9.16680e-16
       5737.15   8.97640e-16
       5742.02   9.29840e-16
       5746.90   9.03820e-16
       5751.77   9.04190e-16
       5756.65   8.20550e-16
       5761.52   8.82520e-16
       5766.39   9.15540e-16
       5771.27   8.73730e-16
       5776.14   8.88920e-16
       5781.02   9.40400e-16
       5785.89   8.80780e-16
       5790.77   8.70240e-16
       5795.64   8.94340e-16
       5800.52   9.06660e-16
       5805.39   9.11110e-16
       5810.27   8.97150e-16
       5815.14   8.91960e-16
       5820.02   8.80010e-16
       5824.89   8.77470e-16
       5829.77   8.49340e-16
       5834.64   8.77360e-16
       5839.52   8.73750e-16
       5844.39   8.87360e-16
       5849.27   8.70490e-16
       5854.15   8.98970e-16
       5859.02   8.56700e-16
       5863.90   8.84920e-16
       5868.77   8.59180e-16
       5873.65   8.68660e-16
       5878.52   8.87780e-16
       5883.40   8.81320e-16
       5888.27   8.33680e-16
       5893.15   8.03010e-16
       5898.03   8.38650e-16
       5902.90   8.48040e-16
       5907.78   8.51230e-16
       5912.65   8.70920e-16
       5917.53   8.69570e-16
       5922.41   8.65310e-16
       5927.28   8.87260e-16
       5932.16   8.67170e-16
       5937.03   8.49470e-16
       5941.91   8.72250e-16
       5946.79   8.88630e-16
       5951.66   8.78790e-16
       5956.54   8.75920e-16
       5961.42   8.43610e-16
       5966.29   8.56950e-16
       5971.17   8.61770e-16
       5976.05   8.53070e-16
       5980.92   8.30320e-16
       5985.80   8.44270e-16
       5990.68   8.38590e-16
       5995.55   8.78100e-16
       6000.43   8.39830e-16
       6005.31   8.40030e-16
       6010.18   8.55680e-16
       6015.06   8.22170e-16
       6019.94   8.47910e-16
       6024.81   8.02690e-16
       6029.69   8.34020e-16
       6034.57   8.72510e-16
       6039.44   8.36130e-16
       6044.32   8.37370e-16
       6049.20   8.40430e-16
       6054.08   8.50740e-16
       6058.95   8.48280e-16
       6063.83   8.55660e-16
       6068.71   8.45170e-16
       6073.59   8.39730e-16
       6078.46   8.32480e-16
       6083.34   8.06340e-16
       6088.22   8.10370e-16
       6093.10   8.42590e-16
       6097.97   8.18320e-16
       6102.85   7.96860e-16
       6107.73   8.31790e-16
       6112.61   8.40980e-16
       6117.48   7.82730e-16
       6122.36   8.22820e-16
       6127.24   8.35430e-16
       6132.12   8.20520e-16
       6137.00   8.46550e-16
       6141.87   8.03190e-16
       6146.75   8.09210e-16
       6151.63   8.26800e-16
       6156.51   8.09300e-16
       6161.39   8.23730e-16
       6166.26   7.84500e-16
       6171.14   7.92190e-16
       6176.02   8.04860e-16
       6180.90   8.23440e-16
       6185.78   8.30670e-16
       6190.66   8.19030e-16
       6195.53   8.18830e-16
       6200.41   7.98960e-16
       6205.29   7.79490e-16
       6210.17   8.40160e-16
       6215.05   8.17700e-16
       6219.93   8.30780e-16
       6224.81   8.03520e-16
       6229.68   8.13150e-16
       6234.56   7.84770e-16
       6239.44   7.82680e-16
       6244.32   8.40610e-16
       6249.20   8.04350e-16
       6254.08   8.14040e-16
       6258.96   7.94670e-16
       6263.84   7.90690e-16
       6268.72   7.97620e-16
       6273.59   7.97940e-16
       6278.47   7.92120e-16
       6283.35   8.06160e-16
       6288.23   8.15330e-16
       6293.11   8.14830e-16
       6297.99   7.99870e-16
       6302.87   8.26590e-16
       6307.75   7.73860e-16
       6312.63   7.88640e-16
       6317.51   7.74710e-16
       6322.39   7.69240e-16
       6327.27   8.03770e-16
       6332.15   7.95570e-16
       6337.02   7.78680e-16
       6341.90   7.90220e-16
       6346.78   7.70880e-16
       6351.66   7.39990e-16
       6356.54   8.06800e-16
       6361.42   8.00090e-16
       6366.30   8.14990e-16
       6371.18   7.80120e-16
       6376.06   8.29140e-16
       6380.94   8.00850e-16
       6385.82   7.83370e-16
       6390.70   8.00320e-16
       6395.58   8.00060e-16
       6400.46   7.81070e-16
       6405.34   7.86140e-16
       6410.22   7.66500e-16
       6415.10   7.65130e-16
       6419.98   7.67080e-16
       6424.86   7.66640e-16
       6429.74   7.76450e-16
       6434.62   7.91760e-16
       6439.50   7.76490e-16
       6444.38   7.32630e-16
       6449.26   7.64870e-16
       6454.14   7.70810e-16
       6459.02   7.68740e-16
       6463.90   7.75410e-16
       6468.78   7.90120e-16
       6473.67   7.67740e-16
       6478.55   7.54180e-16
       6483.43   7.53110e-16
       6488.31   7.59420e-16
       6493.19   7.65300e-16
       6498.07   7.42710e-16
       6502.95   7.39240e-16
       6507.83   7.77240e-16
       6512.71   7.77440e-16
       6517.59   7.69420e-16
       6522.47   7.31920e-16
       6527.35   7.61020e-16
       6532.23   7.59520e-16
       6537.11   7.45010e-16
       6541.99   7.33310e-16
       6546.88   7.37560e-16
       6551.76   7.31740e-16
       6556.64   7.18400e-16
       6561.52   6.69110e-16
       6566.40   5.98810e-16
       6571.28   6.39710e-16
       6576.16   6.83220e-16
       6581.04   7.34600e-16
       6585.92   7.31040e-16
       6590.81   7.29470e-16
       6595.69   7.16840e-16
       6600.57   7.42200e-16
       6605.45   7.67010e-16
       6610.33   7.50670e-16
       6615.21   7.93140e-16
       6620.09   7.66900e-16
       6624.97   7.58590e-16
       6629.86   7.56610e-16
       6634.74   7.52200e-16
       6639.62   7.14700e-16
       6644.50   7.61710e-16
       6649.38   7.29560e-16
       6654.26   7.24420e-16
       6659.15   7.42760e-16
       6664.03   7.69340e-16
       6668.91   7.32850e-16
       6673.79   7.41710e-16
       6678.67   7.31710e-16
       6683.55   7.19170e-16
       6688.44   7.23120e-16
       6693.32   7.17930e-16
       6698.20   7.40950e-16
       6703.08   7.29180e-16
       6707.96   7.21380e-16
       6712.84   7.31140e-16
       6717.73   7.20080e-16
       6722.61   7.07570e-16
       6727.49   7.25160e-16
       6732.37   7.02410e-16
       6737.25   6.85000e-16
       6742.14   7.01610e-16
       6747.02   7.24840e-16
       6751.90   7.24200e-16
       6756.78   7.36350e-16
       6761.67   7.23670e-16
       6766.55   7.00570e-16
       6771.43   7.36680e-16
       6776.31   6.74160e-16
       6781.19   6.89420e-16
       6786.08   7.25670e-16
       6790.96   7.22430e-16
       6795.84   6.85630e-16
       6800.72   7.22270e-16
       6805.61   7.17650e-16
       6810.49   7.02840e-16
       6815.37   7.34750e-16
       6820.25   7.21930e-16
       6825.14   7.14940e-16
       6830.02   7.33740e-16
       6834.90   7.29880e-16
       6839.78   7.06830e-16
       6844.67   7.10780e-16
       6849.55   7.26060e-16
       6854.43   7.00120e-16
       6859.31   6.94280e-16
       6864.20   6.86520e-16
       6869.08   6.95820e-16
       6873.96   6.77920e-16
       6878.84   7.08900e-16
       6883.73   7.12590e-16
       6888.61   6.86050e-16
       6893.49   6.55250e-16
       6898.38   6.98570e-16
       6903.26   6.89100e-16
       6908.14   6.61460e-16
       6913.02   6.74340e-16
       6917.91   7.00060e-16
       6922.79   7.00370e-16
       6927.67   7.00070e-16
       6932.56   7.18240e-16
       6937.44   7.12420e-16
       6942.32   6.64760e-16
       6947.21   7.04580e-16
       6952.09   6.95140e-16
       6956.97   7.23150e-16
       6961.85   6.82090e-16
       6966.74   6.70820e-16
       6971.62   6.59290e-16
       6976.50   6.60410e-16
       6981.39   6.96860e-16
       6986.27   6.75730e-16
       6991.15   6.72390e-16
       6996.04   6.75560e-16
       7000.92   6.66080e-16
       7005.80   6.60390e-16
       7010.69   6.73490e-16
       7015.57   6.58130e-16
       7020.45   6.73220e-16
       7025.34   6.82360e-16
       7030.22   6.78890e-16
       7035.10   6.71520e-16
       7039.99   6.83340e-16
       7044.87   6.82710e-16
       7049.75   6.70210e-16
       7054.64   7.08900e-16
       7059.52   6.89390e-16
       7064.41   7.17180e-16
       7069.29   6.79410e-16
       7074.17   6.91110e-16
       7079.06   6.69320e-16
       7083.94   6.71500e-16
       7088.82   6.62100e-16
       7093.71   6.41950e-16
       7098.59   6.66640e-16
       7103.47   6.85810e-16
       7108.36   6.81860e-16
       7113.24   6.49010e-16
       7118.13   6.64140e-16
       7123.01   6.79410e-16
       7127.89   6.56170e-16
       7132.78   6.81870e-16
       7137.66   6.41840e-16
       7142.54   6.62920e-16
       7147.43   6.94160e-16
       7152.31   6.57920e-16
       7157.20   6.40570e-16
       7162.08   6.26860e-16
       7166.96   6.44400e-16
       7171.85   6.71890e-16
       7176.73   6.30080e-16
       7181.62   6.62900e-16
       7186.50   6.32990e-16
       7191.38   6.40470e-16
       7196.27   6.10570e-16
       7201.15   6.55220e-16
       7206.04   6.53570e-16
       7210.92   6.63360e-16
       7215.80   6.30630e-16
       7220.69   6.23800e-16
       7225.57   6.48910e-16
       7230.46   6.28540e-16
       7235.34   6.32680e-16
       7240.22   6.26580e-16
       7245.11   6.60370e-16
       7249.99   6.49700e-16
       7254.88   6.54670e-16
       7259.76   6.66150e-16
       7264.65   6.44280e-16
       7269.53   6.51300e-16
       7274.41   6.35680e-16
       7279.30   6.30000e-16
       7284.18   6.64840e-16
       7289.07   6.49780e-16
       7293.95   6.11840e-16
       7298.83   6.13270e-16
       7303.72   6.44520e-16
       7308.60   6.20300e-16
       7313.49   6.44010e-16
       7318.37   6.22560e-16
       7323.26   6.22470e-16
       7328.14   6.37590e-16
       7333.03   6.48550e-16
       7337.91   6.49360e-16
       7342.79   6.38500e-16
       7347.68   6.61290e-16
       7352.56   6.18290e-16
       7357.45   6.01560e-16
       7362.33   5.94600e-16
       7367.22   6.24190e-16
       7372.10   6.07860e-16
       7376.99   6.10100e-16
       7381.87   6.38530e-16
       7386.75   6.22240e-16
       7391.64   6.18220e-16
       7396.52   6.45760e-16
       7401.41   6.30640e-16
       7406.29   5.88740e-16
       7411.18   6.17550e-16
       7416.06   6.07710e-16
       7420.95   6.16950e-16
       7425.83   6.09040e-16
       7430.72   6.62740e-16
       7435.60   6.76400e-16
       7440.48   5.87280e-16
       7445.37   6.33670e-16
       7450.25   6.09800e-16
       7455.14   5.80290e-16
       7460.02   6.09680e-16
       7464.91   6.15900e-16
       7469.79   6.03520e-16
       7474.68   5.97510e-16
       7479.56   5.93490e-16
       7484.45   5.67140e-16
       7489.33   6.34560e-16
       7494.22   6.25860e-16
       7499.10   5.74780e-16
       7503.99   5.90900e-16
       7508.87   5.85770e-16
       7513.76   5.99420e-16
       7518.64   6.09800e-16
       7523.53   5.87580e-16
       7528.41   6.04000e-16
       7533.29   6.00520e-16
       7538.18   6.19180e-16
       7543.06   6.20890e-16
       7547.95   6.07710e-16
       7552.83   6.05130e-16
       7557.72   6.12160e-16
       7562.60   6.09250e-16
       7567.49   5.72200e-16
       7572.37   5.94620e-16
       7577.26   5.87340e-16
       7582.14   6.15580e-16
       7587.03   5.97040e-16
       7591.91   5.72460e-16
       7596.80   5.81600e-16
       7601.68   5.87880e-16
       7606.57   6.21740e-16
       7611.45   6.22540e-16
       7616.34   6.05720e-16
       7621.22   5.73690e-16
       7626.11   5.83960e-16
       7630.99   5.79990e-16
       7635.88   5.86720e-16
       7640.76   5.97490e-16
       7645.65   5.93910e-16
       7650.53   5.87310e-16
       7655.42   5.54020e-16
       7660.30   5.75540e-16
       7665.19   5.55190e-16
       7670.07   5.69340e-16
       7674.96   5.80360e-16
       7679.84   5.99250e-16
       7684.73   5.71570e-16
       7689.61   5.76760e-16
       7694.50   5.72690e-16
       7699.38   5.51680e-16
       7704.27   5.55250e-16
       7709.15   5.20800e-16
       7714.04   5.59500e-16
       7718.92   5.79440e-16
       7723.81   5.76910e-16
       7728.69   5.91860e-16
       7733.58   6.17880e-16
       7738.46   5.73760e-16
       7743.35   5.73760e-16
       7748.23   5.66290e-16
       7753.12   5.52050e-16
       7758.00   5.44410e-16
       7762.89   5.50760e-16
       7767.77   5.72390e-16
       7772.66   5.63240e-16
       7777.54   5.88060e-16
       7782.43   6.14870e-16
       7787.31   5.92790e-16
       7792.20   5.53210e-16
       7797.08   5.80690e-16
       7801.97   5.66450e-16
       7806.85   5.78080e-16
       7811.74   5.54420e-16
       7816.62   5.64300e-16
       7821.51   5.65150e-16
       7826.39   5.69420e-16
       7831.28   5.66670e-16
       7836.16   5.87360e-16
       7841.05   5.67970e-16
       7845.93   5.58150e-16
       7850.82   5.59960e-16
       7855.70   5.67270e-16
       7860.59   5.56850e-16
       7865.47   5.82420e-16
       7870.36   5.77740e-16
       7875.24   5.38350e-16
       7880.13   5.70510e-16
       7885.01   5.79520e-16
       7889.90   5.51540e-16
       7894.78   5.73500e-16
       7899.67   5.43610e-16
       7904.55   5.28230e-16
       7909.44   5.80400e-16
       7914.32   5.57130e-16
       7919.21   5.67900e-16
       7924.09   5.74070e-16
       7928.98   5.53540e-16
       7933.86   5.37080e-16
       7938.75   4.95770e-16
       7943.63   5.36150e-16
       7948.52   5.46580e-16
       7953.40   5.31320e-16
       7958.29   5.29440e-16
       7963.17   5.72030e-16
       7968.06   5.70350e-16
       7972.94   5.34000e-16
       7977.83   5.45240e-16
       7982.71   5.58640e-16
       7987.60   5.36750e-16
       7992.48   5.61620e-16
       7997.37   5.27040e-16
       8002.25   5.96510e-16
       8007.14   5.39630e-16
       8012.02   5.56530e-16
       8016.91   5.57760e-16
       8021.79   5.59260e-16
       8026.68   5.02080e-16
       8031.56   5.79410e-16
       8036.45   5.33130e-16
       8041.33   5.05930e-16
       8046.22   5.56920e-16
       8051.10   5.56900e-16
       8055.99   5.33910e-16
       8060.87   5.37170e-16
       8065.76   5.15880e-16
       8070.64   5.53460e-16
       8075.53   5.38950e-16
       8080.41   5.06600e-16
       8085.30   5.20400e-16
       8090.18   5.41050e-16
       8095.07   5.13200e-16
       8099.95   5.12380e-16
       8104.84   5.00170e-16
       8109.72   5.23550e-16
       8114.61   4.97770e-16
       8119.49   5.04090e-16
       8124.38   5.03600e-16
       8129.26   5.21510e-16
       8134.15   5.20460e-16
       8139.03   5.34230e-16
       8143.92   5.20410e-16
       8148.80   5.10930e-16
       8153.69   5.45850e-16
       8158.57   5.60130e-16
       8163.46   4.98670e-16
       8168.34   5.39850e-16
       8173.23   4.99310e-16
       8178.11   5.09890e-16
       8183.00   5.02150e-16
       8187.88   5.10670e-16
       8192.77   5.30140e-16
       8197.65   5.23600e-16
       8202.54   5.38780e-16
       8207.42   4.86230e-16
       8212.31   5.25010e-16
       8217.19   5.17960e-16
       8222.08   4.89070e-16
       8226.96   5.14170e-16
       8231.84   5.24360e-16
       8236.73   5.42840e-16
       8241.61   5.44640e-16
       8246.50   5.30020e-16
       8251.38   5.89660e-16
       8256.27   5.51350e-16
       8261.15   5.11740e-16
       8266.04   5.19920e-16
       8270.92   5.31250e-16
       8275.81   5.04270e-16
       8280.69   5.04070e-16
       8285.58   5.11050e-16
       8290.46   5.36840e-16
       8295.34   5.19680e-16
       8300.23   5.21870e-16
       8305.11   4.96210e-16
       8310.00   5.12890e-16
       8314.88   5.28540e-16
       8319.77   4.83730e-16
       8324.65   4.74870e-16
       8329.54   4.77230e-16
       8334.42   4.81120e-16
       8339.31   5.18200e-16
       8344.19   5.25850e-16
       8349.08   5.03200e-16
       8353.96   5.19210e-16
       8358.84   4.79840e-16
       8363.73   5.14770e-16
       8368.61   5.08140e-16
       8373.50   4.93830e-16
       8378.38   4.95160e-16
       8383.27   4.59510e-16
       8388.15   4.96060e-16
       8393.04   4.96590e-16
       8397.92   5.12850e-16
       8402.80   4.89210e-16
       8407.69   4.60860e-16
       8412.57   4.91630e-16
       8417.46   4.87640e-16
       8422.34   4.78030e-16
       8427.23   4.87620e-16
       8432.11   4.85000e-16
       8436.99   5.24390e-16
       8441.88   4.58630e-16
       8446.76   4.61760e-16
       8451.65   4.45470e-16
       8456.53   4.93150e-16
       8461.42   4.69480e-16
       8466.30   4.88100e-16
       8471.18   5.04590e-16
       8476.07   4.41440e-16
       8480.95   4.84750e-16
       8485.84   5.05340e-16
       8490.72   4.50570e-16
       8495.60   4.65300e-16
       8500.49   4.89040e-16
       8505.37   4.58780e-16
       8510.26   4.64490e-16
       8515.14   4.70690e-16
       8520.02   4.69090e-16
       8524.91   4.75080e-16
       8529.79   4.79150e-16
       8534.68   4.68260e-16
       8539.56   4.68710e-16
       8544.44   4.23970e-16
       8549.33   4.51370e-16
       8554.21   4.39130e-16
       8559.10   4.57480e-16
       8563.98   4.76120e-16
       8568.86   5.10790e-16
       8573.75   4.45940e-16
       8578.63   4.67160e-16
       8583.51   4.36440e-16
       8588.40   4.70580e-16
       8593.28   4.39810e-16
       8598.17   4.92080e-16
       8603.05   4.91620e-16
       8607.93   4.78580e-16
       8612.82   4.70580e-16
       8617.70   4.72480e-16
       8622.58   4.87290e-16
       8627.47   4.29810e-16
       8632.35   4.53030e-16
       8637.24   4.64510e-16
       8642.12   4.55650e-16
       8647.00   4.71180e-16
       8651.89   4.57800e-16
       8656.77   4.27590e-16
       8661.65   4.60560e-16
       8666.54   4.24550e-16
       8671.42   3.86540e-16
       8676.30   4.38640e-16
       8681.19   4.50950e-16
       8686.07   4.81760e-16
       8690.95   4.59220e-16
       8695.84   4.54220e-16
       8700.72   4.58140e-16
       8705.60   4.52470e-16
       8710.49   4.27300e-16
       8715.37   4.48870e-16
       8720.25   4.38240e-16
       8725.14   4.46500e-16
       8730.02   4.75680e-16
       8734.90   4.63590e-16
       8739.79   4.31590e-16
       8744.67   4.41540e-16
       8749.55   4.32150e-16
       8754.44   4.41370e-16
       8759.32   4.40250e-16
       8764.20   4.48430e-16
       8769.09   4.64480e-16
       8773.97   4.47070e-16
       8778.85   4.71160e-16
       8783.74   4.56490e-16
       8788.62   3.92160e-16
       8793.50   4.59160e-16
       8798.38   4.48620e-16
       8803.27   4.47810e-16
       8808.15   4.03750e-16
       8813.03   4.47700e-16
       8817.92   4.46290e-16
       8822.80   4.59700e-16
       8827.68   4.57310e-16
       8832.56   4.76150e-16
       8837.45   4.84190e-16
       8842.33   4.28150e-16
       8847.21   4.26460e-16
       8852.09   4.48310e-16
       8856.98   4.59540e-16
       8861.86   4.54010e-16
       8866.74   4.50990e-16
       8871.62   4.40540e-16
       8876.51   4.64900e-16
       8881.39   4.37830e-16
       8886.27   4.30110e-16
       8891.16   4.49850e-16
       8896.04   4.58170e-16
       8900.92   4.56960e-16
       8905.80   4.25920e-16
       8910.69   4.19320e-16
       8915.57   4.12440e-16
       8920.45   4.13340e-16
       8925.33   4.17790e-16
       8930.21   4.60370e-16
       8935.10   4.58050e-16
       8939.98   4.13720e-16
       8944.86   4.41350e-16
       8949.74   4.01280e-16
       8954.63   4.22910e-16
       8959.51   4.69490e-16
       8964.39   4.40140e-16
       8969.27   4.40200e-16
       8974.15   4.35080e-16
       8979.04   3.91930e-16
       8983.92   4.29040e-16
       8988.80   4.32420e-16
       8993.68   4.45810e-16
       8998.56   4.70380e-16
       9003.45   4.30810e-16
       9008.33   4.33390e-16
       9013.21   4.17820e-16
       9018.09   4.30020e-16
       9022.97   4.41500e-16
       9027.86   4.26370e-16
       9032.74   4.34410e-16
       9037.62   4.34410e-16
       9042.50   4.15500e-16
       9047.38   4.32230e-16
       9052.26   4.30720e-16
       9057.15   4.31420e-16
       9062.03   4.29780e-16
       9066.91   4.33470e-16
       9071.79   3.99700e-16
       9076.67   4.28130e-16
       9081.55   4.27850e-16
       9086.43   4.43680e-16
       9091.32   3.76230e-16
       9096.20   4.62080e-16
       9101.08   4.41990e-16
       9105.96   4.46360e-16
       9110.84   4.19880e-16
       9115.72   4.16410e-16
       9120.60   4.34020e-16
       9125.49   4.10200e-16
       9130.37   4.43030e-16
       9135.25   4.21730e-16
       9140.13   4.18580e-16
       9145.01   4.23420e-16
       9149.89   4.15610e-16
       9154.77   4.29530e-16
       9159.65   4.36140e-16
       9164.53   4.05900e-16
       9169.42   3.75390e-16
       9174.30   4.08860e-16
       9179.18   4.56970e-16
       9184.06   4.25970e-16
       9188.94   4.86800e-16
       9193.82   4.30300e-16
       9198.70   4.04820e-16
       9203.58   4.00980e-16
       9208.46   4.09510e-16
       9213.34   4.04830e-16
       9218.22   4.24110e-16
       9223.10   3.93170e-16
       9227.98   4.06870e-16
       9232.87   4.25920e-16
       9237.75   4.09330e-16
       9242.63   4.17110e-16
       9247.51   4.53000e-16
       9252.39   4.02020e-16
       9257.27   3.85580e-16
       9262.15   4.29380e-16
       9267.03   4.20560e-16
       9271.91   4.19000e-16
       9276.79   4.15750e-16
       9281.67   3.98600e-16
       9286.55   3.97580e-16
       9291.43   4.05600e-16
       9296.31   4.02940e-16
       9301.19   4.28930e-16
       9306.07   3.97440e-16
       9310.95   4.08010e-16
       9315.83   4.17730e-16
       9320.71   3.74050e-16
       9325.59   4.04700e-16
       9330.47   3.99300e-16
       9335.35   3.89510e-16
       9340.23   3.85900e-16
       9345.11   3.92880e-16
       9349.99   4.02180e-16
       9354.87   4.09570e-16
       9359.75   3.71640e-16
       9364.63   3.82040e-16
       9369.51   4.00260e-16
       9374.39   4.48800e-16
       9379.27   4.07550e-16
       9384.15   4.00960e-16
       9389.02   4.19920e-16
       9393.90   4.22280e-16
       9398.78   4.16270e-16
       9403.66   4.01530e-16
       9408.54   3.93340e-16
       9413.42   3.89860e-16
       9418.30   3.96080e-16
       9423.18   3.54880e-16
       9428.06   3.87080e-16
       9432.94   3.91830e-16
       9437.82   3.75210e-16
       9442.70   4.12780e-16
       9447.58   4.20730e-16
       9452.45   3.96240e-16
       9457.33   4.34320e-16
       9462.21   3.94160e-16
       9467.09   3.83160e-16
       9471.97   3.79010e-16
       9476.85   3.67010e-16
       9481.73   3.57790e-16
       9486.61   3.56490e-16
       9491.49   4.11380e-16
       9496.36   4.01170e-16
       9504.00   3.80230e-16
       9531.60   3.75460e-16
       9559.20   3.73100e-16
       9586.80   3.70150e-16
       9614.40   3.69170e-16
       9642.00   3.69550e-16
       9669.60   3.67550e-16
       9697.20   3.67280e-16
       9724.80   3.65950e-16
       9752.40   3.64120e-16
       9780.00   3.61200e-16
       9807.60   3.60310e-16
       9835.20   3.58390e-16
       9862.80   3.52670e-16
       9890.40   3.47010e-16
       9918.00   3.40230e-16
       9945.60   3.39080e-16
       9973.20   3.42050e-16
       10000.8   3.38850e-16
       10028.4   3.30770e-16
       10056.0   3.27680e-16
       10083.6   3.27300e-16
       10111.2   3.27490e-16
       10138.8   3.26760e-16
       10166.4   3.23750e-16
       10194.0   3.21990e-16
       10221.6   3.21300e-16
       10249.2   3.20480e-16
       10276.8   3.16090e-16
       10304.4   3.12630e-16
       10332.0   3.11570e-16
       10359.6   3.09370e-16
       10387.2   3.09350e-16
       10414.8   3.10090e-16
       10442.4   3.10920e-16
       10470.0   3.09890e-16
       10497.6   3.04470e-16
       10525.2   2.99760e-16
       10552.8   2.96280e-16
       10580.4   2.97890e-16
       10608.0   2.95850e-16
       10635.6   2.93540e-16
       10663.2   2.95320e-16
       10690.8   2.90680e-16
       10718.4   2.90390e-16
       10746.0   2.88400e-16
       10773.6   2.83750e-16
       10801.2   2.84000e-16
       10828.8   2.80480e-16
       10856.4   2.77330e-16
       10884.0   2.80790e-16
       10911.6   2.76100e-16
       10939.2   2.75190e-16
       10966.8   2.70940e-16
       10994.4   2.67800e-16
       11022.0   2.68260e-16
       11049.6   2.65210e-16
       11077.2   2.65970e-16
       11104.8   2.64920e-16
       11132.4   2.62370e-16
       11160.0   2.64110e-16
       11187.6   2.61080e-16
       11215.2   2.60260e-16
       11242.8   2.61000e-16
       11270.4   2.59170e-16
       11298.0   2.57430e-16
       11325.6   2.54660e-16
       11353.2   2.52640e-16
       11380.8   2.50310e-16
       11408.4   2.50010e-16
       11436.0   2.50470e-16
       11463.6   2.52290e-16
       11491.2   2.51500e-16
       11518.8   2.51370e-16
       11546.4   2.47740e-16
       11574.0   2.42890e-16
       11601.6   2.44140e-16
       11629.2   2.43810e-16
       11656.8   2.43600e-16
       11684.4   2.41420e-16
       11696.5   2.39440e-16
       11736.5   2.38800e-16
       11776.6   2.36080e-16
       11816.7   2.33390e-16
       11856.8   2.30790e-16
       11896.9   2.29920e-16
       11936.9   2.28530e-16
       11977.0   2.26920e-16
       12017.1   2.24980e-16
       12057.2   2.21970e-16
       12097.3   2.19950e-16
       12137.3   2.18510e-16
       12177.4   2.18050e-16
       12217.5   2.18510e-16
       12257.6   2.16000e-16
       12297.7   2.13250e-16
       12337.7   2.11880e-16
       12377.8   2.11420e-16
       12417.9   2.12600e-16
       12458.0   2.11920e-16
       12498.1   2.08960e-16
       12538.1   2.06130e-16
       12578.2   2.04340e-16
       12618.3   2.02590e-16
       12658.4   1.99810e-16
       12698.5   1.98600e-16
       12738.5   1.96420e-16
       12778.6   1.96070e-16
       12818.7   1.94500e-16
       12858.8   1.91940e-16
       12898.9   1.90880e-16
       12938.9   1.89150e-16
       12979.0   1.88630e-16
       13019.1   1.86990e-16
       13059.2   1.87440e-16
       13099.3   1.87620e-16
       13139.3   1.86370e-16
       13179.4   1.85450e-16
       13219.5   1.83000e-16
       13259.6   1.81220e-16
       13299.7   1.79420e-16
       13339.7   1.78410e-16
       13379.8   1.76970e-16
       13419.9   1.75600e-16
       13460.0   1.74350e-16
       13500.1   1.72210e-16
       13540.1   1.71270e-16
       13580.2   1.70620e-16
       13620.3   1.70470e-16
       13660.4   1.69720e-16
       13700.5   1.68240e-16
       13740.5   1.67320e-16
       13780.6   1.67750e-16
       13820.7   1.67510e-16
       13860.8   1.65380e-16
       13900.9   1.63270e-16
       13940.9   1.61390e-16
       13981.0   1.59660e-16
       14021.1   1.59570e-16
       14061.2   1.59740e-16
       14101.3   1.57900e-16
       14141.3   1.56140e-16
       14181.4   1.54400e-16
       14221.5   1.53320e-16
       14261.6   1.51460e-16
       14301.7   1.49440e-16
       14341.7   1.48530e-16
       14381.8   1.47380e-16
       14421.9   1.46580e-16
       14462.0   1.46120e-16
       14502.1   1.45810e-16
       14542.1   1.45070e-16
       14582.2   1.43970e-16
       14622.3   1.42550e-16
       14662.4   1.41510e-16
       14702.5   1.41090e-16
       14742.5   1.40020e-16
       14782.6   1.38930e-16
       14822.7   1.36540e-16
       14862.8   1.35390e-16
       14902.9   1.35400e-16
       14942.9   1.34830e-16
       14983.0   1.33420e-16
       15023.1   1.31800e-16
       15063.2   1.31260e-16
       15103.3   1.30040e-16
       15143.3   1.29720e-16
       15183.4   1.29450e-16
       15223.5   1.29170e-16
       15263.6   1.28900e-16
       15303.7   1.27430e-16
       15343.7   1.26480e-16
       15383.8   1.26090e-16
       15423.9   1.25640e-16
       15464.0   1.24380e-16
       15504.1   1.23350e-16
       15544.1   1.22230e-16
       15584.2   1.21610e-16
       15624.3   1.20790e-16
       15664.4   1.19600e-16
       15704.5   1.18410e-16
       15744.5   1.16870e-16
       15784.6   1.16220e-16
       15824.7   1.15260e-16
       15864.8   1.14210e-16
       15904.9   1.13060e-16
       15944.9   1.13220e-16
       15985.0   1.12910e-16
       16025.1   1.11930e-16
       16065.2   1.11260e-16
       16105.3   1.10860e-16
       16145.3   1.10570e-16
       16185.4   1.09710e-16
       16225.5   1.09140e-16
       16265.6   1.08550e-16
       16305.7   1.07860e-16
       16345.7   1.06030e-16
       16385.8   1.04670e-16
       16425.9   1.03970e-16
       16466.0   1.03480e-16
       16506.1   1.03300e-16
       16546.1   1.03060e-16
       16586.2   1.02270e-16
       16626.3   1.01240e-16
       16666.4   1.00060e-16
       16706.5   9.87830e-17
       16746.5   9.76760e-17
       16786.6   9.65540e-17
       16826.7   9.62190e-17
       16866.8   9.56570e-17
       16906.9   9.54320e-17
       16946.9   9.52760e-17
       16987.0   9.50050e-17
       17027.1   9.45410e-17
       17067.2   9.31460e-17
       17107.3   9.16600e-17
       17147.3   9.11000e-17
       17187.4   9.09050e-17
       17227.5   8.97730e-17
       17267.6   8.85670e-17
       17307.7   8.68810e-17
       17347.7   8.54420e-17
       17387.8   8.48010e-17
       17427.9   8.47450e-17
       17468.0   8.48370e-17
       17508.1   8.45830e-17
       17548.1   8.43400e-17
       17588.2   8.41480e-17
       17628.3   8.35360e-17
       17668.4   8.25280e-17
       17708.5   8.16600e-17
       17748.5   8.06570e-17
       17788.6   8.00530e-17
       17828.7   7.94530e-17
       17868.8   7.93580e-17
       17908.9   7.90270e-17
       17948.9   7.85440e-17
       17989.0   7.80360e-17
       18029.1   7.70110e-17
       18069.2   7.62060e-17
       18109.3   7.48350e-17
       18149.3   7.38960e-17
       18189.4   7.24590e-17
       18229.5   7.15860e-17
       18269.6   7.15180e-17
       18309.7   7.19750e-17
       18349.7   7.19820e-17
       18389.8   7.16920e-17
       18429.9   7.10140e-17
       18470.0   6.97620e-17
       18510.1   6.95200e-17
       18550.1   6.85490e-17
       18590.2   6.86040e-17
       18630.3   6.76370e-17
       18670.4   6.73000e-17
       18710.5   6.59650e-17
       18750.5   6.52880e-17
       18790.6   6.42700e-17
       18830.7   6.43600e-17
       18870.8   6.53840e-17
       18871.5   6.53000e-17
       18928.3   6.54410e-17
       18985.0   6.48460e-17
       19041.8   6.46740e-17
       19098.6   6.44560e-17
       19155.3   6.30520e-17
       19212.1   6.13390e-17
       19268.9   5.97960e-17
       19325.6   5.85700e-17
       19382.4   5.80400e-17
       19439.1   5.74580e-17
       19495.9   5.68010e-17
       19552.7   5.65690e-17
       19609.4   5.70800e-17
       19666.2   5.73240e-17
       19723.0   5.63870e-17
       19779.7   5.54480e-17
       19836.5   5.44720e-17
       19893.3   5.36440e-17
       19950.0   5.31860e-17
       20006.8   5.31960e-17
       20063.6   5.35560e-17
       20120.3   5.21730e-17
       20177.1   5.01180e-17
       20233.9   4.97700e-17
       20290.6   5.00070e-17
       20347.4   4.92570e-17
       20404.2   4.87060e-17
       20460.9   4.90060e-17
       20517.7   4.80870e-17
       20574.5   4.78620e-17
       20631.2   4.89150e-17
       20688.0   4.79210e-17
       20744.7   4.62170e-17
       20801.5   4.58810e-17
       20858.3   4.55000e-17
       20915.0   4.47410e-17
       20971.8   4.49040e-17
       21028.6   4.52120e-17
       21085.3   4.46270e-17
       21142.1   4.29940e-17
       21198.9   4.13660e-17
       21255.6   4.17470e-17
       21312.4   4.16320e-17
       21369.2   4.04650e-17
       21425.9   3.99360e-17
       21482.7   3.98090e-17
       21539.5   3.92300e-17
       21596.2   3.89310e-17
       21653.0   3.91850e-17
       21709.8   3.96540e-17
       21766.5   3.99400e-17
       21823.3   3.93230e-17
       21880.0   3.84990e-17
       21936.8   3.88940e-17
       21993.6   3.96480e-17
       22050.3   3.89470e-17
       22107.1   3.72260e-17
       22163.9   3.58660e-17
       22220.6   3.61400e-17
       22277.4   3.73350e-17
       22334.2   3.73200e-17
       22390.9   3.58470e-17
       22447.7   3.46900e-17
       22504.5   3.51960e-17
       22561.2   3.58320e-17
       22618.0   3.49290e-17
       22674.8   3.40380e-17
       22731.5   3.37450e-17
       22788.3   3.26290e-17
       22845.0   3.20390e-17
       22901.8   3.30650e-17
       22958.6   3.34740e-17
       23015.3   3.21240e-17
       23072.1   3.07330e-17
       23128.9   3.10660e-17
       23185.6   3.19690e-17
       23242.4   3.18250e-17
       23299.2   3.12450e-17
       23355.9   3.03630e-17
       23412.7   2.91510e-17
       23469.5   2.88910e-17
       23526.2   2.91130e-17
       23583.0   2.87750e-17
       23639.8   2.84120e-17
       23696.5   2.81660e-17
       23753.3   2.83650e-17
       23810.1   2.83260e-17
       23866.8   2.76170e-17
       23923.6   2.77180e-17
       23980.3   2.81040e-17
       24037.1   2.75830e-17
       24093.9   2.74200e-17
       24150.6   2.81360e-17
       24207.4   2.83280e-17
       24264.2   2.77190e-17
       24320.9   2.67530e-17
       24377.7   2.55460e-17
       24434.5   2.48310e-17
       24491.2   2.57140e-17
       24548.0   2.58280e-17
       24604.8   2.56340e-17
       24661.5   2.60490e-17
       24718.3   2.62990e-17
       24775.1   2.57520e-17
       24831.8   2.37860e-17
       24888.6   2.15450e-17
       24945.4   2.07890e-17
