redshift, SNIa_rate
-1.8211e-3, 0.1971
2.6465e-3, 0.197
7.114e-3, 0.197
0.0116, 0.2
0.0116, 0.2029
0.0161, 0.2029
0.0205, 0.2029
0.025, 0.2059
0.0295, 0.2059
0.0339, 0.2088
0.0384, 0.2117
0.0429, 0.2117
0.0474, 0.2147
0.0518, 0.2176
0.0563, 0.2176
0.0608, 0.2206
0.0652, 0.2206
0.0697, 0.2235
0.0742, 0.2264
0.0787, 0.2294
0.0831, 0.2294
0.0876, 0.2294
0.0921, 0.2294
0.0921, 0.2323
0.0965, 0.2323
0.0965, 0.2353
0.101, 0.2382
0.101, 0.2412
0.101, 0.2441
0.1055, 0.2441
0.11, 0.2441
0.1144, 0.2441
0.1189, 0.2441
0.1234, 0.2469
0.1279, 0.25
0.1323, 0.2529
0.1368, 0.2559
0.1413, 0.2588
0.1457, 0.2617
0.1502, 0.2647
0.1547, 0.2647
0.1592, 0.2647
0.1636, 0.2647
0.1681, 0.2676
0.1726, 0.2706
0.177, 0.2735
0.1815, 0.2764
0.186, 0.2764
0.1905, 0.2793
0.1949, 0.2823
0.1994, 0.2852
0.1994, 0.2882
0.2039, 0.2882
0.2083, 0.2882
0.2128, 0.2911
0.2173, 0.2941
0.2218, 0.297
0.2262, 0.297
0.2307, 0.3
0.2352, 0.3029
0.2397, 0.3059
0.2441, 0.3059
0.2486, 0.3088
0.253, 0.3117
0.2575, 0.3147
0.262, 0.3176
0.2665, 0.3206
0.271, 0.3235
0.2753, 0.3265
0.2799, 0.3265
0.2844, 0.3294
0.2889, 0.3323
0.2933, 0.3353
0.2978, 0.3353
0.2978, 0.3382
0.3023, 0.3412
0.3067, 0.3412
0.3112, 0.3441
0.3157, 0.3471
0.3202, 0.35
0.3246, 0.3529
0.3291, 0.3559
0.3336, 0.3588
0.3381, 0.3618
0.3425, 0.3647
0.347, 0.3647
0.3515, 0.3677
0.3559, 0.3706
0.3604, 0.3735
0.3649, 0.3765
0.3694, 0.3794
0.3694, 0.3824
0.3738, 0.3824
0.3783, 0.3853
0.3783, 0.3883
0.3828, 0.3883
0.3828, 0.3912
0.3873, 0.3912
0.3917, 0.3912
0.3961, 0.3942
0.4007, 0.3971
0.4052, 0.4
0.4096, 0.403
0.4096, 0.4059
0.4096, 0.4089
0.4141, 0.4118
0.4186, 0.4148
0.4231, 0.4177
0.4275, 0.4207
0.432, 0.4236
0.4365, 0.4236
0.4365, 0.4266
0.441, 0.4264
0.4454, 0.4295
0.4454, 0.4324
0.4499, 0.4324
0.4499, 0.4354
0.4499, 0.4383
0.4544, 0.4383
0.4588, 0.4413
0.4633, 0.4442
0.4678, 0.4472
0.4723, 0.4472
0.4767, 0.4471
0.4812, 0.4501
0.4857, 0.453
0.4902, 0.456
0.4946, 0.4588
0.499, 0.4619
0.5036, 0.4647
0.5036, 0.4678
0.5081, 0.4678
0.5125, 0.4707
0.5125, 0.4737
0.517, 0.4736
0.5215, 0.4766
0.5259, 0.4795
0.5304, 0.4825
0.5349, 0.4854
0.5394, 0.4884
0.5394, 0.4913
0.5438, 0.4943
0.5439, 0.4971
0.5483, 0.4971
0.5483, 0.5002
0.5528, 0.503
0.5573, 0.5061
0.5617, 0.509
0.5662, 0.509
0.5662, 0.5119
0.5707, 0.5149
0.5752, 0.5149
0.5752, 0.5178
0.5796, 0.5208
0.584, 0.5237
0.5886, 0.5267
0.5931, 0.5295
0.5975, 0.5326
0.6019, 0.5325
0.6019, 0.5354
0.6065, 0.5354
0.6065, 0.5384
0.611, 0.5384
0.6154, 0.5413
0.6199, 0.5443
0.6244, 0.5473
0.6244, 0.5502
0.6244, 0.5532
0.6289, 0.5561
0.6333, 0.5591
0.6378, 0.559
0.6423, 0.562
0.6423, 0.5649
0.6468, 0.5649
0.6468, 0.5678
0.6512, 0.5708
0.6557, 0.5737
0.6602, 0.5767
0.6646, 0.5796
0.6691, 0.5826
0.6736, 0.5856
0.6736, 0.5885
0.6781, 0.5915
0.6825, 0.5944
0.687, 0.5973
0.6915, 0.6002
0.696, 0.6032
0.7005, 0.6061
0.7048, 0.6091
0.7094, 0.612
0.7139, 0.612
0.7139, 0.615
0.7183, 0.615
0.7586, 0.6474
0.7631, 0.6474
0.7675, 0.6474
0.772, 0.6503
0.7765, 0.6533
0.781, 0.6562
0.7854, 0.6592
0.7899, 0.6621
0.7944, 0.6651
0.7989, 0.668
0.8033, 0.6709
0.8077, 0.6739
0.8123, 0.6768
0.8168, 0.6798
0.8212, 0.6827
0.8256, 0.6827
0.8302, 0.6857
0.8302, 0.6886
0.8347, 0.6916
0.8347, 0.6945
0.8391, 0.6945
0.8391, 0.6974
0.8436, 0.6974
0.8481, 0.6974
0.8481, 0.7004
0.8526, 0.7033
0.8526, 0.7063
0.857, 0.7063
0.857, 0.7092
0.8615, 0.7122
0.866, 0.7151
0.8705, 0.7181
0.8749, 0.721
0.8794, 0.7239
0.8839, 0.7269
0.8883, 0.7298
0.8928, 0.7298
0.8973, 0.7298
0.9018, 0.7328
0.9062, 0.7328
0.9106, 0.7327
0.9152, 0.7357
0.9196, 0.7357
0.9241, 0.7386
0.9285, 0.7386
0.933, 0.7416
0.9375, 0.7416
0.942, 0.7416
0.9465, 0.7415
0.9508, 0.7445
0.9554, 0.7473
0.9599, 0.7473
0.9643, 0.7473
0.9687, 0.7504
0.9733, 0.7504
0.9778, 0.7532
0.9822, 0.7532
0.9867, 0.7532
0.9867, 0.7562
0.9912, 0.7591
0.9956, 0.7591
1.0001, 0.7591
1.0046, 0.7591
1.009, 0.7591
1.0135, 0.7562
1.018, 0.7562
1.0224, 0.7562
1.0269, 0.7532
1.0314, 0.7532
1.0358, 0.7532
1.0403, 0.7502
1.0448, 0.7502
1.0492, 0.7502
1.0448, 0.7502
1.0403, 0.7502
1.0358, 0.7502
1.0314, 0.7503
1.0269, 0.7503
1.0224, 0.7532
1.018, 0.7532
1.0135, 0.7532
1.009, 0.7562
1.1028, 0.7383
1.1073, 0.7354
1.1117, 0.7354
1.1162, 0.7353
1.1207, 0.7353
1.1251, 0.7324
1.1296, 0.7324
1.1341, 0.7324
1.1385, 0.7294
1.143, 0.7294
1.1475, 0.7294
1.1519, 0.7264
1.1564, 0.7264
1.1609, 0.7264
1.1653, 0.7235
1.1698, 0.7234
1.1743, 0.7234
1.1787, 0.7234
1.1832, 0.7205
1.1877, 0.7205
1.1921, 0.7205
1.1966, 0.7175
1.2011, 0.7175
1.2055, 0.7145
1.21, 0.7145
1.2502, 0.7056
1.2546, 0.7056
1.2591, 0.7056
1.2636, 0.7056
1.268, 0.7056
1.2725, 0.7026
1.277, 0.7026
1.2814, 0.7026
1.2859, 0.7026
1.2904, 0.6996
1.2948, 0.6996
1.2993, 0.6996
1.3038, 0.6966
1.3082, 0.6966
1.3127, 0.6966
1.3172, 0.6966
1.3216, 0.6937
1.3261, 0.6937
1.3306, 0.6936
1.335, 0.6936
1.3395, 0.6907
1.3439, 0.6907
1.3484, 0.6907
1.3529, 0.6877
1.3574, 0.6877
1.3618, 0.6877
1.3663, 0.6877
1.3708, 0.6846
1.3752, 0.6846
1.3797, 0.6846
1.3841, 0.6846
1.3886, 0.6817
1.3931, 0.6817
1.3976, 0.6817
1.402, 0.6787
1.4064, 0.6787
1.411, 0.6787
1.4154, 0.6787
1.4199, 0.6758
1.4243, 0.6758
1.4288, 0.6758
1.4333, 0.6758
1.4377, 0.6728
1.4422, 0.6728
1.4466, 0.6728
1.4511, 0.6728
1.4556, 0.6698
1.4601, 0.6698
1.4645, 0.6698
1.4689, 0.6698
1.4735, 0.6667
1.4779, 0.6667
1.4824, 0.6667
1.4868, 0.6667
1.4913, 0.6639
1.4958, 0.6638
1.5003, 0.6638
1.5047, 0.6609
1.5091, 0.6609
1.5137, 0.6609
1.5181, 0.6609
1.5226, 0.6579
1.5271, 0.6579
1.5314, 0.6579
1.536, 0.6579
1.5405, 0.6549
1.5449, 0.6549
1.5493, 0.6549
1.5539, 0.6549
1.5583, 0.6519
1.5628, 0.6519
1.5673, 0.6519
1.5716, 0.6519
1.5762, 0.6489
1.5807, 0.6489
1.5851, 0.6489
1.5896, 0.6489
1.5941, 0.646
1.5985, 0.646
1.603, 0.6459
1.6075, 0.6459
1.6118, 0.6459
1.6164, 0.643
1.6209, 0.643
1.6253, 0.643
1.6298, 0.64
1.6343, 0.64
1.6387, 0.64
1.6432, 0.64
1.6477, 0.64
1.6521, 0.637
1.6566, 0.637
1.6611, 0.637
1.6655, 0.637
1.67, 0.637
1.7102, 0.6251
1.7146, 0.6251
1.7191, 0.6251
1.7236, 0.6251
1.728, 0.6251
1.7325, 0.6251
1.737, 0.6251
1.7414, 0.6221
1.7459, 0.6221
1.7504, 0.6221
1.7548, 0.6221
1.7593, 0.6221
1.7638, 0.6191
1.7682, 0.6191
1.7727, 0.6191
1.7772, 0.6191
1.7816, 0.616
1.7861, 0.616
1.7906, 0.616
1.795, 0.616
1.7995, 0.6131
1.804, 0.6131
1.8084, 0.6131
1.8129, 0.6131
1.8174, 0.6101
1.8218, 0.6101
1.8263, 0.6101
1.8308, 0.6101
1.8352, 0.6101
1.8397, 0.6072
1.8441, 0.6072
1.8486, 0.6071
1.8531, 0.6071
1.8576, 0.6071
1.862, 0.6042
1.8665, 0.6042
1.871, 0.6042
1.8754, 0.6042
1.8799, 0.604
1.8843, 0.6012
1.8888, 0.6012
1.8933, 0.6012
1.8978, 0.6012
1.9022, 0.5981
1.9066, 0.5981
1.9112, 0.5981
1.9156, 0.5981
1.9201, 0.5981
1.9245, 0.5952
1.929, 0.5952
1.9335, 0.5952
1.938, 0.5952
1.9424, 0.5922
1.9468, 0.5922
1.9514, 0.5922
1.9558, 0.5922
1.9603, 0.5922
1.9647, 0.5892
1.9691, 0.5892
1.9737, 0.5892
1.9782, 0.5892
1.9826, 0.5892
1.987, 0.5862
1.9915, 0.5862
1.996, 0.5862
2.0005, 0.5862
2.0049, 0.5833
2.0094, 0.5833
2.0139, 0.5832
2.0183, 0.5832
2.0228, 0.5832
2.0273, 0.5803
2.0317, 0.5803
2.0362, 0.5803
2.0407, 0.5802
2.0451, 0.5802
2.0496, 0.5773
2.0541, 0.5773
2.0585, 0.5773
2.063, 0.5773
2.0675, 0.5773
2.0719, 0.5743
2.0764, 0.5743
2.0809, 0.5743
2.0853, 0.5743
2.0898, 0.5743
2.0943, 0.5713
2.0987, 0.5713
2.1032, 0.5713
2.1077, 0.5713
2.1121, 0.5683
2.1166, 0.5683
2.1211, 0.5683
2.1255, 0.5683
2.13, 0.5683
2.1345, 0.5653
2.1389, 0.5653
2.1434, 0.5653
2.1479, 0.5653
2.1522, 0.5653
2.1568, 0.5623
2.1613, 0.5623
2.1657, 0.5623
2.1702, 0.5623
2.1747, 0.5623
2.1791, 0.5593
2.1836, 0.5593
2.1881, 0.5593
2.1925, 0.5593
2.197, 0.5593
2.2015, 0.5564
2.2059, 0.5563
2.2104, 0.5563
2.2149, 0.5563
2.2193, 0.5563
2.2238, 0.5563
2.2283, 0.5534
2.2327, 0.5534
2.2372, 0.5533
2.2417, 0.5533
2.2461, 0.5533
2.2506, 0.5504
2.2551, 0.5504
2.2595, 0.5504
2.264, 0.5503
2.2685, 0.5503
2.2729, 0.5474
2.2774, 0.5474
2.2819, 0.5474
2.2863, 0.5474
2.2908, 0.5473
2.2953, 0.5444
2.2997, 0.5444
2.3042, 0.5444
2.3087, 0.5444
2.3131, 0.5444
2.3176, 0.5413
2.3221, 0.5413
2.3265, 0.5413
2.331, 0.5413
2.3355, 0.5413
2.3399, 0.5413
2.3444, 0.5384
2.3489, 0.5384
2.3533, 0.5384
2.3578, 0.5384
2.3623, 0.5384
2.3667, 0.5354
2.3712, 0.5354
2.3757, 0.5354
2.3801, 0.5354
2.3846, 0.5354
2.3891, 0.5354
2.3935, 0.5324
2.398, 0.5324
2.4025, 0.5324
2.4069, 0.5324
2.4114, 0.5324
2.4159, 0.5293
2.4203, 0.5293
2.4248, 0.5293
2.4293, 0.5293
2.4337, 0.5293
2.4382, 0.5293
2.4426, 0.5264
2.4471, 0.5264
2.4516, 0.5264
2.4561, 0.5264
2.4605, 0.5264
2.465, 0.5234
2.4695, 0.5234
2.4739, 0.5234
2.4784, 0.5234
2.4828, 0.5234
2.4873, 0.5234
2.4918, 0.5204
2.4962, 0.5204
2.5007, 0.5204
2.5051, 0.5204
2.5097, 0.5204
2.5141, 0.5173
2.5186, 0.5173
2.523, 0.5173
2.5274, 0.5173
2.532, 0.5173
2.5365, 0.5173
2.5409, 0.5144
2.5453, 0.5144
2.5497, 0.5144
2.5543, 0.5144
2.5588, 0.5144
2.5632, 0.5114
2.5676, 0.5114
2.5722, 0.5114
2.5766, 0.5114
2.5811, 0.5114
2.5856, 0.5085
2.5899, 0.5085
2.5945, 0.5084
2.599, 0.5084
2.6034, 0.5084
2.6078, 0.5084
2.6124, 0.5055
2.6168, 0.5055
2.6213, 0.5053
2.6258, 0.5053
2.6301, 0.5053
2.6347, 0.5053
2.6392, 0.5025
2.6436, 0.5025
2.6481, 0.5025
2.6526, 0.5024
2.657, 0.5024
2.6615, 0.5024
2.666, 0.4995
2.6703, 0.4995
2.6749, 0.4995
2.6794, 0.4994
2.6838, 0.4994
2.6883, 0.4994
2.6928, 0.4994
2.6972, 0.4965
2.7017, 0.4965
2.7062, 0.4964
2.7106, 0.4964
2.7151, 0.4964
2.7196, 0.4935
2.724, 0.4935
2.7285, 0.4935
2.733, 0.4934
2.7374, 0.4934
2.7419, 0.4934
2.7464, 0.4905
2.7508, 0.4905
2.7553, 0.4905
2.7598, 0.4905
2.7642, 0.4904
2.7687, 0.4875
2.7732, 0.4875
2.7776, 0.4875
2.7821, 0.4875
2.7866, 0.4875
2.791, 0.4845
2.7955, 0.4845
2.8, 0.4845
2.8044, 0.4845
2.8089, 0.4845
2.8134, 0.4845
2.8178, 0.4844
2.8223, 0.4815
2.8268, 0.4815
2.8312, 0.4815
2.8357, 0.4815
2.8401, 0.4815
2.8446, 0.4814
2.8491, 0.4785
2.8536, 0.4785
2.858, 0.4785
2.8625, 0.4785
2.867, 0.4785
2.8714, 0.4785
2.8759, 0.4755
2.8803, 0.4755
2.8848, 0.4755
2.8893, 0.4755
2.8938, 0.4755
2.8982, 0.4755
2.9026, 0.4754
2.9072, 0.4725
2.9116, 0.4725
2.9161, 0.4725
2.9205, 0.4725
2.925, 0.4725
2.9295, 0.4724
2.934, 0.4695
2.9384, 0.4695
2.9428, 0.4695
2.9474, 0.4695
2.9518, 0.4695
2.9563, 0.4694
2.9607, 0.4665
2.9651, 0.4665
2.9697, 0.4665
2.9742, 0.4665
2.9786, 0.4665
2.983, 0.4664
2.9876, 0.4664
2.992, 0.4635
2.9965, 0.4635
3.001, 0.4635
3.0054, 0.4635
3.0099, 0.4635
3.0144, 0.4634
3.0188, 0.4605
3.0233, 0.4605
3.0278, 0.4605
3.0322, 0.4605
3.0367, 0.4605
3.0412, 0.4604
3.0456, 0.4575
3.0501, 0.4575
3.0546, 0.4575
3.059, 0.4575
3.0635, 0.4575
3.068, 0.4574
3.0724, 0.4545
3.0769, 0.4545
3.0814, 0.4545
3.0858, 0.4545