# solid angle 0.0145
#z1, <probIa>, lenIa, <probIbc>,lenIbc,  <probII>, lenII
0.2 0.961334468665 734 0.0777277 6 0.1629344 6
0.3 0.928475966306 1662 0.122175339333 30 0.0600300273684 38
0.4 0.826000112887 2560 0.148820610157 127 0.102594109265 68
0.5 0.735094912227 3830 0.178501003861 303 0.126925374978 223
0.6 0.697476600254 4841 0.199192215786 477 0.144118934094 381
0.7 0.649974136364 5666 0.174664481447 380 0.143370265612 376
0.8 0.590962123174 6191 0.215113552105 209 0.118752564822 197
0.9 0.597980131999 6468 0.245487635169 89 0.169221047828 221
1.0 0.588319697214 6252 0.427851416667 12 0.222091808517 209
