# solid angle 3.0
#z1, <probIa>, lenIa, <probIbc>,lenIbc,  <probII>, lenII
0.2 0.754473957946 23434 0.380228957551 841 0.339261326877 413
0.3 0.637448910909 44880 0.341298380928 1725 0.315286515 300
0.4 0.592236700977 52900 0.369796371861 924 0.356543296018 226
0.5 0.579058207433 44410 0.3496452952 125 0.321123238393 224
0.6 0.58075558016 23135 0.31873305 6 0.382708482895 152
0.7 0.57933813281 6050 nan 0 0.371531389189 74
0.8 0.505698314074 135 nan 0 0.40101025 4
0.9 0.502460638462 26 nan 0 nan 0
1.0 0.57818 5 nan 0 nan 0
